0.000000000000000000e+00 2.887328618438375827e+01 8.212951410250606443e+01 4.579849677519882079e+01 6.835011082599218923e+01 5.207763703250226683e+01 7.207876065197677917e+01 4.202125098682134308e+01 5.101664308277700854e+01 5.499985252422628434e+01 2.872961068903972048e+01 7.440942465451516341e+01 2.271017112415351491e+01 7.200533761341125683e+01 4.546284727429767258e+01
2.887328618438375827e+01 0.000000000000000000e+00 5.477323131143973001e+01 4.565889732604371432e+01 4.202941710129241670e+01 4.321712639239127896e+01 4.320562731636947973e+01 2.276970077156653716e+01 2.283131914944162588e+01 3.061842556643213697e+01 4.063513355068216271e+01 5.110678263427129764e+01 1.039056660368136242e+01 5.190413150201394643e+01 2.033201290668656114e+01
8.212951410250606443e+01 5.477323131143973001e+01 0.000000000000000000e+00 6.827098377282291608e+01 4.567884946426020321e+01 5.476485787801333061e+01 2.275821987539690738e+01 4.325544101629478888e+01 4.072125655942933520e+01 2.870627175152131727e+01 7.949404898407297537e+01 2.041256484263553261e+01 6.453724724608346719e+01 3.080882467173586647e+01 5.103911193430619164e+01
4.579849677519882079e+01 4.565889732604371432e+01 6.827098377282291608e+01 0.000000000000000000e+00 8.228880098417263866e+01 1.440176810432374666e+01 7.208044953268230870e+01 3.051642286465780884e+01 6.213115503000828710e+01 4.202537330554434902e+01 2.063514769269065496e+01 5.095834147137389891e+01 5.116827962449143286e+01 4.291121140641675424e+01 6.453534188434664998e+01
6.835011082599218923e+01 4.202941710129241670e+01 4.567884946426020321e+01 8.228880098417263866e+01 0.000000000000000000e+00 7.425388901457564828e+01 2.292068344863703544e+01 5.213030750327789775e+01 2.035850286423261934e+01 4.573410383279606606e+01 8.208396924237720782e+01 5.796163378075036832e+01 4.564000920436496500e+01 6.554302468727901498e+01 2.288726770711522818e+01
5.207763703250226683e+01 4.321712639239127896e+01 5.476485787801333061e+01 1.440176810432374666e+01 7.425388901457564828e+01 0.000000000000000000e+00 6.110760423292100540e+01 2.270225535507644921e+01 5.493985358704549782e+01 3.051595960537257568e+01 3.234819180420153373e+01 3.673155351588565765e+01 5.109850965374632636e+01 2.851027522440752904e+01 5.944642830671502054e+01
7.207876065197677917e+01 4.320562731636947973e+01 2.275821987539690738e+01 7.208044953268230870e+01 2.292068344863703544e+01 6.110760423292100540e+01 0.000000000000000000e+00 4.211941473522210799e+01 2.276396321540968515e+01 3.059177075713023441e+01 7.753445902509403709e+01 3.691231474036893445e+01 5.108136530081469573e+01 4.579175988175518341e+01 3.237412426395131604e+01
4.202125098682134308e+01 2.276970077156653716e+01 4.325544101629478888e+01 3.051642286465780884e+01 5.213030750327789775e+01 2.270225535507644921e+01 4.211941473522210799e+01 0.000000000000000000e+00 3.238734226874747435e+01 1.454927579601170429e+01 3.659922498414344005e+01 3.244485895141801990e+01 3.238022934571342404e+01 3.052524182390147089e+01 3.684590450917615101e+01
5.101664308277700854e+01 2.283131914944162588e+01 4.072125655942933520e+01 6.213115503000828710e+01 2.035850286423261934e+01 5.493985358704549782e+01 2.276396321540968515e+01 3.238734226874747435e+01 0.000000000000000000e+00 2.896285942066088737e+01 6.195242088016002668e+01 4.582679467584092947e+01 2.898256450911499371e+01 5.111879928027212827e+01 1.031880892774150915e+01
5.499985252422628434e+01 3.061842556643213697e+01 2.870627175152131727e+01 4.202537330554434902e+01 4.573410383279606606e+01 3.051595960537257568e+01 3.059177075713023441e+01 1.454927579601170429e+01 2.896285942066088737e+01 0.000000000000000000e+00 5.095297846824870192e+01 2.048838070823883228e+01 4.100898898157355177e+01 2.276000054627496283e+01 3.691622242020306999e+01
2.872961068903972048e+01 4.063513355068216271e+01 7.949404898407297537e+01 2.063514769269065496e+01 8.208396924237720782e+01 3.234819180420153373e+01 7.753445902509403709e+01 3.659922498414344005e+01 6.195242088016002668e+01 5.095297846824870192e+01 0.000000000000000000e+00 6.536340413444703756e+01 4.190305271378005614e+01 5.924023679322767322e+01 6.096607133460465633e+01
7.440942465451516341e+01 5.110678263427129764e+01 2.041256484263553261e+01 5.095834147137389891e+01 5.796163378075036832e+01 3.673155351588565765e+01 3.691231474036893445e+01 3.244485895141801990e+01 4.582679467584092947e+01 2.048838070823883228e+01 6.536340413444703756e+01 0.000000000000000000e+00 6.149733685635121816e+01 1.040127408589569491e+01 5.519818760922950673e+01
2.271017112415351491e+01 1.039056660368136242e+01 6.453724724608346719e+01 5.116827962449143286e+01 4.564000920436496500e+01 5.109850965374632636e+01 5.108136530081469573e+01 3.238022934571342404e+01 2.898256450911499371e+01 4.100898898157355177e+01 4.190305271378005614e+01 6.149733685635121816e+01 0.000000000000000000e+00 6.211598609349070443e+01 2.275279296826306918e+01
7.200533761341125683e+01 5.190413150201394643e+01 3.080882467173586647e+01 4.291121140641675424e+01 6.554302468727901498e+01 2.851027522440752904e+01 4.579175988175518341e+01 3.052524182390147089e+01 5.111879928027212827e+01 2.276000054627496283e+01 5.924023679322767322e+01 1.040127408589569491e+01 6.211598609349070443e+01 0.000000000000000000e+00 5.959593996849756792e+01
4.546284727429767258e+01 2.033201290668656114e+01 5.103911193430619164e+01 6.453534188434664998e+01 2.288726770711522818e+01 5.944642830671502054e+01 3.237412426395131604e+01 3.684590450917615101e+01 1.031880892774150915e+01 3.691622242020306999e+01 6.096607133460465633e+01 5.519818760922950673e+01 2.275279296826306918e+01 5.959593996849756792e+01 0.000000000000000000e+00
